listing_id,high,medium,low
7142618,0.120782173382,0.364362370962,0.514855455655
7210040,0.203594289471,0.444184446323,0.352221264206
7103890,0.0444112332112,0.147445665446,0.808143101343
7143442,0.102648840049,0.360790564991,0.536560594961
6860601,0.0299626373626,0.302168919969,0.667868442668
6840081,0.00152478632479,0.0678654456654,0.93060976801
6922337,0.075153024753,0.533143256743,0.391703718504
6913616,0.216071062271,0.515281296481,0.268647641248
6937820,0.0492092796093,0.216494327894,0.734296392496
6893933,0.0215607725608,0.16571963592,0.81271959152
6832604,0.00523003663004,0.0287914529915,0.965978510379
6915282,0.221440537241,0.463321789322,0.315237673438
7127565,0.0130600732601,0.134468376068,0.852471550672
6827899,0.0279623931624,0.124044577645,0.847993029193
6934855,0.00950964590965,0.0565257631258,0.933964590965
6861826,0.0194263736264,0.266792429792,0.713781196581
6871643,0.0346471306471,0.400723831724,0.564629037629
6842542,0.00275628815629,0.0591496947497,0.938094017094
6934145,0.00371428571429,0.072904029304,0.923381684982
6829365,0.289884426684,0.361963436563,0.348152136752
7167858,0.0320717948718,0.134962881563,0.832965323565
6859483,0.0242358974359,0.228486136086,0.747277966478
6861377,0.0573655677656,0.240457142857,0.702177289377
6848960,0.163029059829,0.272799023199,0.564171916972
6918850,0.0113426129426,0.102558485958,0.886098901099
6916867,0.195836874237,0.391251570652,0.412911555112
6895840,0.0191404151404,0.105509401709,0.87535018315
6813539,0.459301875902,0.390406793207,0.150291330891
7116900,0.094667976468,0.268268309468,0.637063714064
6890328,0.363583394383,0.293487135087,0.342929470529
6879406,0.071106959707,0.229212210012,0.699680830281
6824924,0.105465899912,0.316340871095,0.578193228993
6911302,0.0577372405372,0.0905113553114,0.851751404151
6918742,0.107922832723,0.717812032412,0.174265134865
6910586,0.00619413919414,0.154115817516,0.83969004329
6821750,0.0131641025641,0.102604639805,0.884231257631
6860647,0.0404927960928,0.517768986569,0.441738217338
6932873,0.073148984349,0.330693240093,0.596157775558
6846053,0.0264012210012,0.126212387612,0.847386391386
6940365,0.0644271062271,0.399837229437,0.535735664336
6931867,0.0126805860806,0.131414541015,0.855904872905
6876383,0.0625511599512,0.113278676879,0.82417016317
6910980,0.18136994117,0.562391452991,0.256238605839
6880877,0.187042357642,0.508822222222,0.304135420135
6839552,0.0625186813187,0.638747452547,0.298733866134
6838051,0.341948207348,0.439381018981,0.218670773671
6928201,0.434134636304,0.348015051615,0.217850312081
6945608,0.160839493839,0.636386391386,0.202774114774
6816147,0.0587252747253,0.181904517705,0.75937020757
6868129,0.0649028083028,0.405510822511,0.529586369186
6849448,0.0252222222222,0.293721300921,0.681056476856
7113677,0.429892307692,0.453466311466,0.116641380841
6930856,0.0344512820513,0.149722352861,0.815826365088
6889594,0.083473992674,0.412757775558,0.503768231768
6842682,0.0215794871795,0.159961460761,0.818459052059
6880366,0.139383150183,0.474745521146,0.385871328671
6835063,0.00102564102564,0.0157582417582,0.983216117216
6820479,0.335798778999,0.294544566545,0.369656654457
6882057,0.0369858363858,0.321121367521,0.641892796093
6834440,0.0566114774115,0.303247130647,0.640141391941
6880846,0.00289816849817,0.0105062271062,0.986595604396
6847248,0.0,0.0214428016428,0.978557198357
6868368,0.0055010989011,0.0411435897436,0.953355311355
6943505,0.0131098901099,0.0485338217338,0.938356288156
7174304,0.0431934287934,0.146122921523,0.810683649684
6880747,0.0309614163614,0.114862026862,0.854176556777
6933565,0.0394544566545,0.290224908425,0.670320634921
6888511,0.0133902763903,0.0431906759907,0.943419047619
6942704,0.0471263625264,0.31588027528,0.636993362193
6840304,0.121107026307,0.347630680431,0.531262293262
6856860,0.00555457875458,0.0548046398046,0.939640781441
6884921,0.00667106227106,0.0210251748252,0.972303762904
6937417,0.0113963369963,0.154318303918,0.834285359085
6831129,0.00102051282051,0.0245672771673,0.974412210012
6936660,0.17977020757,0.436213653014,0.384016139416
6940667,0.00321904761905,0.0592273504274,0.937553601954
7201307,0.0,0.0298566544567,0.970143345543
6825434,0.0209897435897,0.147478876679,0.831531379731
6848114,0.0448288156288,0.117016361416,0.838154822955
6947758,0.568339149739,0.202187212787,0.229473637474
6897002,0.0575355311355,0.31276637892,0.629698089944
6926661,0.00224615384615,0.0913675879676,0.906386258186
6867411,0.0727763125763,0.273080586081,0.654143101343
6910154,0.0163706959707,0.176626617827,0.807002686203
7157900,0.0630735042735,0.239154134754,0.697772360972
6922324,0.0493502497502,0.327837222606,0.622812527643
6863068,0.0308647130647,0.184025641026,0.78510964591
6912109,0.0141775335775,0.199895482295,0.785926984127
6918609,0.0293697191697,0.204287423687,0.766342857143
6889300,0.164694860695,0.307256254856,0.528048884449
6837794,0.117043822844,0.313325718726,0.56963045843
6943098,0.250805128205,0.296659096459,0.452535775336
6927601,0.105562326562,0.399638650239,0.494799023199
6897826,0.0132700854701,0.134782905983,0.851947008547
6882892,0.00726886446886,0.0426007326007,0.95013040293
6873384,0.351132800533,0.380104872905,0.268762326562
6934693,0.0376925518926,0.210976978577,0.75133046953
7224450,0.0417172161172,0.247775690976,0.710507092907
6898157,0.0188747252747,0.0962562770563,0.884868997669
6837355,0.00029304029304,0.0336080586081,0.966098901099
6830595,0.179991896992,0.437597113997,0.382410989011
6943561,0.1603003885,0.478245909646,0.361453701854
6844380,0.251479165279,0.446470795871,0.30205003885
6814286,0.0405873015873,0.150112132312,0.809300566101
6898520,0.177241514042,0.445699367299,0.377059118659
6940979,0.483029807799,0.229677129708,0.287293062493
6851090,0.358504266673,0.329473748474,0.312021984853
7107169,0.0272997002997,0.25257038517,0.72012991453
6830287,0.196406171606,0.147974625375,0.655619203019
6933575,0.130913553114,0.610156532357,0.25892991453
6938972,0.0224522588523,0.151005439005,0.826542302142
6888315,0.00222124542125,0.0414493506494,0.956329403929
6855106,0.0109816849817,0.115920634921,0.873097680098
6838237,0.193217826618,0.573259296259,0.233522877123
6901024,0.0747431628201,0.22561731431,0.69963952287
6846627,0.0117833943834,0.140946298146,0.84727030747
7219857,0.00142710622711,0.0491956043956,0.949377289377
6852685,0.0281413919414,0.29101025641,0.680848351648
6831610,0.139323076923,0.505431945832,0.355244977245
6943538,0.124136907537,0.488051504052,0.387811588412
6911637,0.00358852258852,0.0179863247863,0.978425152625
6854543,0.0489338217338,0.13044957265,0.820616605617
6940451,0.0344781440781,0.357887912088,0.607633943834
6819530,0.432052969253,0.288728959929,0.279218070818
7093396,0.0276547008547,0.207803418803,0.764541880342
6840326,0.0211052503053,0.121868620269,0.857026129426
6834204,0.0444402930403,0.0750107448107,0.880548962149
6902518,0.11011013431,0.386672061272,0.503217804418
6930253,0.064084004884,0.307092751693,0.628823243423
6828293,0.00336923076923,0.0941635475635,0.902467221667
7203744,0.42906018426,0.198306227106,0.372633588634
6816478,0.0905732045732,0.42611959152,0.483307203907
6868890,0.00692072372072,0.0941018537019,0.898977422577
6879338,0.0600798534799,0.438557997558,0.501362148962
6898532,0.108308580309,0.248577511378,0.643113908314
6899965,0.00655393495393,0.0857268953269,0.907719169719
7133875,0.00795164835165,0.0416705960706,0.950377755578
6822218,0.123911843712,0.24962954823,0.626458608059
6814018,0.201164568765,0.165902919303,0.632932511933
6896376,0.10110984571,0.352676701077,0.546213453213
6918670,0.138582306582,0.391843956044,0.469573737374
6867839,0.00158974358974,0.0229941391941,0.975416117216
6823554,0.00579096459096,0.0979433455433,0.896265689866
6934798,0.0836132312132,0.178202220002,0.738184548785
6820823,0.164646886447,0.440728937729,0.394624175824
6880212,0.0422146520147,0.0969317571318,0.860853590854
6934814,0.0145365079365,0.135562592963,0.849900899101
7254134,0.0802036630037,0.140531357531,0.779264979465
6938303,0.28985978466,0.529294705295,0.180845510046
6813807,0.130292818293,0.402073015873,0.467634165834
6878604,0.0188153846154,0.0843765567766,0.896808058608
6876763,0.034226973027,0.141475457875,0.824297569098
6844352,0.00246129426129,0.0695782661783,0.92796043956
6915939,0.173902564103,0.474655189255,0.351442246642
7109370,0.11658151592,0.391386360648,0.492032123432
6855445,0.120076434676,0.204158974359,0.675764590965
6818668,0.0167072039072,0.301646642247,0.681646153846
6836527,0.000123076923077,0.00627985347985,0.993597069597
6831717,0.0328820512821,0.157284249084,0.809833699634
6937162,0.115911111111,0.421523660954,0.462565227934
6922876,0.0142422466422,0.0567330891331,0.929024664225
7109482,0.0319228327228,0.403212498612,0.564864668665
6940972,0.105647241647,0.347662892663,0.54668986569
6883790,0.127721367521,0.340180730381,0.532097902098
6921643,0.0206192918193,0.268815207015,0.710565501166
6935700,0.0117304029304,0.190660761461,0.797608835609
6827025,0.028093040293,0.249141591742,0.722765367965
6943096,0.0781494505495,0.174692307692,0.747158241758
7161468,0.0294668664669,0.205337107337,0.765196026196
6879610,0.0123682983683,0.127731290931,0.8599004107
6935762,0.0800195360195,0.278166566767,0.641813897214
6925042,0.0251669219669,0.0844422466422,0.890390831391
7121050,0.0735347985348,0.187994871795,0.73847032967
6821601,0.0768287780595,0.191736263736,0.731434958204
6926810,0.00578461538462,0.0646898656899,0.929525518926
6946532,0.0420026862027,0.246907026307,0.71109028749
6875171,0.0541166389166,0.385317704518,0.560565656566
7096285,0.139274636475,0.330123099123,0.530602264402
6812321,0.0316416028416,0.147452991453,0.820905405705
6822697,0.0986294816295,0.270137629038,0.631232889333
6941294,0.00490744810745,0.187535908536,0.807556643357
6873564,0.00694505494505,0.0129897435897,0.980065201465
6926791,0.0300095238095,0.321455766456,0.648534709735
7142444,0.530148717949,0.310592696193,0.159258585859
6878128,0.0707577533578,0.635158673805,0.294083572837
6927428,0.046526984127,0.190017338217,0.763455677656
6812674,0.000861538461538,0.00598461538462,0.993153846154
6881774,0.198151404151,0.340718370518,0.46113022533
7167797,0.00427838827839,0.0381706959707,0.957550915751
6865238,0.10383978244,0.630394161394,0.265766056166
6841710,0.153071084471,0.277996270396,0.568932645133
6856334,0.00655897435897,0.0394813186813,0.95395970696
6906462,0.00880146520147,0.16330969031,0.827888844489
6837438,0.118032389832,0.325361918423,0.556605691744
6908277,0.158918192918,0.559892063492,0.28118974359
6841291,0.0400026862027,0.156813963814,0.803183349983
6915178,0.225940744725,0.483836500252,0.290222755023
6893031,0.227854945055,0.403501431901,0.368643623044
6894985,0.311466222666,0.460159151959,0.228374625375
6931134,0.108492551893,0.353794139194,0.537713308913
6872264,0.463726251526,0.310854945055,0.225418803419
6816953,0.164270529471,0.267278588079,0.568450882451
7163518,0.29664031524,0.392242823843,0.311116860917
6893253,0.0332017094017,0.233161904762,0.733636385836
6943822,0.0815851037851,0.281404151404,0.637010744811
6946313,0.0498551892552,0.193308669109,0.756836141636
6839443,0.0100268620269,0.0723216117216,0.917651526252
6911338,0.0380354090354,0.287382417582,0.674582173382
7223877,0.57141001221,0.239431013431,0.189158974359
6917884,0.0323790875791,0.318935886336,0.648685026085
6823126,0.00161025641026,0.0258036630037,0.972586080586
6939488,0.246704695305,0.44758976579,0.305705538906
7196924,0.0600105006105,0.174764835165,0.765224664225
6905685,0.0438144078144,0.202605128205,0.75358046398
6894092,0.00689084249084,0.0296976800977,0.963411477411
6812181,0.0340739038739,0.310948762349,0.654977333777
6854610,0.0219904761905,0.300696658897,0.677312864913
6873754,0.143489377289,0.359783660784,0.496726961927
6859181,0.964786568987,0.0211133089133,0.0141001221001
6825402,0.00655604395604,0.129957946327,0.863486009717
6819526,0.0236942612943,0.131100677101,0.845205061605
6896065,0.00112307692308,0.0213135531136,0.977563369963
6931793,0.0828501054501,0.337023665224,0.580126229326
6907360,0.0251304029304,0.187516927517,0.787352669553
6813182,0.0217548229548,0.177272283272,0.800972893773
6823959,0.06065998446,0.243879365079,0.695460650461
6942189,0.208891730492,0.440267221667,0.350841047841
6844384,0.0329345543346,0.127198135198,0.839867310467
6836888,0.347999245199,0.291730758131,0.36026999667
6917844,0.0553434565435,0.236186058386,0.70847048507
6937842,0.0710847374847,0.431428615829,0.497486646687
6926917,0.145231923632,0.303755777556,0.551012298812
7160740,0.0726261294261,0.164955555556,0.762418315018
6936310,0.0598378510379,0.471764058164,0.468398090798
6849109,0.224964835165,0.40915047175,0.365884693085
6831018,0.0,0.0264586080586,0.973541391941
6909842,0.00294065934066,0.0492684870685,0.947790853591
6861360,0.000711111111111,0.0348002442002,0.964488644689
6883414,0.0455506715507,0.290626373626,0.663822954823
6876026,0.130917282717,0.245695793096,0.623386924187
7095390,0.00202271062271,0.00748205128205,0.990495238095
6932265,0.487234876235,0.340534842935,0.17223028083
6870949,0.0712639138639,0.281965390165,0.646770695971
6831335,0.0505372405372,0.313744144744,0.635718614719
6895698,0.127115484515,0.290318515672,0.582565999812
6889889,0.165786391386,0.276841669442,0.557371939172
6876679,0.0557512914436,0.1688999223,0.775348786256
6947097,0.375074991675,0.172978066378,0.451946941947
6874970,0.020958974359,0.0908495060495,0.888191519592
6831069,0.315541391941,0.546665445665,0.137793162393
6833628,0.0606202908203,0.151288089688,0.788091619492
6819282,0.110448107448,0.340238827839,0.549313064713
6825025,0.0430721500722,0.175712420912,0.781215429015
6856513,0.0390015540016,0.259294638695,0.701703807304
6928711,0.00144175824176,0.0228256410256,0.975732600733
6832548,0.0925084471084,0.369032167832,0.538459385059
6881870,0.0367206349206,0.275420779221,0.687858585859
6866978,0.27474982795,0.549226928627,0.176023243423
7163400,0.29664031524,0.392242823843,0.311116860917
6917187,0.195727228327,0.569463958264,0.234808813409
6927475,0.0264212454212,0.320911355311,0.652667399267
6903243,0.0318231768232,0.366887780595,0.601289042581
6876188,0.0124952380952,0.0745868131868,0.912917948718
6922219,0.0185477411477,0.0854454212454,0.896006837607
7104085,0.002,0.00216703296703,0.995832967033
6920897,0.101820757021,0.418872771673,0.479306471306
6812177,0.0509272283272,0.18799047619,0.761082295482
6941047,0.0790715199331,0.560026892765,0.360901587302
6827609,0.00426813186813,0.0565094017094,0.939222466422
6934328,0.0114021978022,0.10848009768,0.880117704518
6937556,0.516861294261,0.335193428793,0.147945276945
6879765,0.0631157509158,0.610472061272,0.326412187812
6942927,0.00406886446886,0.0811106227106,0.914820512821
6945170,0.055898989899,0.337313575314,0.606787434787
6901915,0.114279365079,0.337195315795,0.548525319125
6824475,0.0307013431013,0.295122566323,0.674176090576
6832968,0.0520732600733,0.197646886447,0.75027985348
7166718,0.000861538461538,0.0435831501832,0.955555311355
6905079,0.0148344322344,0.1645003219,0.820665245865
6940297,0.136801731602,0.706684271284,0.156513997114
6911080,0.0523655677656,0.503258563659,0.444375868576
6917208,0.0395463203463,0.227403487111,0.733050192543
6858925,0.082143989344,0.569466511267,0.348389499389
7169883,0.162284004884,0.430476923077,0.407239072039
6944112,0.300704428904,0.468750960151,0.230544610945
6885816,0.0181750915751,0.113467865468,0.868357042957
6837733,0.0346503052503,0.0785858363858,0.886763858364
6828658,0.110425885226,0.268655412963,0.620918701811
6839429,0.160474769675,0.398717371517,0.440807858808
7164794,0.0230051948052,0.182625396825,0.794369408369
6837661,0.143007570208,0.236673149073,0.620319280719
6883255,0.0151357753358,0.111762348762,0.873101875902
6833054,0.067043956044,0.329775824176,0.60318021978
7675463,0.0818891706584,0.378441269841,0.5396695595
6871526,0.177700854701,0.223718681319,0.59858046398
6876295,0.0624583638584,0.310785836386,0.626755799756
7204045,0.00394578754579,0.116252458652,0.879801753802
6840357,0.157156310356,0.392273193473,0.45057049617
6917531,0.00290598290598,0.0932710622711,0.903822954823
6886057,0.397562370962,0.361392451992,0.241045177045
6833734,0.0466427350427,0.453484515485,0.499872749473
6908098,0.0550468864469,0.196556554557,0.748396558997
6860562,0.0123912087912,0.098643956044,0.888964835165
6859167,0.122302652903,0.297485625486,0.580211721612
6812141,0.0126114774115,0.130073260073,0.857315262515
6919431,0.00257582417582,0.0557877677878,0.941636408036
6869389,0.0386527472527,0.212378266178,0.748968986569
6906034,0.0289641025641,0.0992681318681,0.871767765568
7108495,0.000784615384615,0.00592380952381,0.993291575092
6864681,0.00375384615385,0.0670971916972,0.929148962149
6893982,0.0202996336996,0.125578221778,0.854122144522
6862160,0.016673992674,0.103961993562,0.879364013764
6854804,0.0844202686203,0.288958996559,0.626620734821
7143164,0.0163824175824,0.32230989011,0.661307692308
6936651,0.0524979242979,0.17891954712,0.768582528583
6837450,0.0426610722611,0.248943389943,0.708395537796
6908259,0.80118996559,0.0761385059385,0.122671528472
6916539,0.0691320679321,0.237824619825,0.693043312243
6947176,0.0938442002442,0.238937973138,0.667217826618
6933958,0.300383993784,0.408105361305,0.291510644911
6816549,0.200552980353,0.491605261405,0.307841758242
6876117,0.00074358974359,0.100315750916,0.898940659341
6848605,0.0423531135531,0.20692984793,0.750717038517
6840659,0.0189289377289,0.110494771895,0.870576290376
6823496,0.246311266511,0.450731468531,0.302957264957
6912609,0.0,0.000676923076923,0.999323076923
7097937,0.0125706959707,0.0628752136752,0.924554090354
6924524,0.0423371517372,0.32087037407,0.636792474192
6938236,0.0175047619048,0.0838566544567,0.898638583639
6865751,0.00445274725275,0.0158358974359,0.979711355311
6936323,0.00962344322344,0.0978349206349,0.892541636142
6868422,0.12511015651,0.310652769453,0.564237074037
7210133,0.0205209235209,0.329996780997,0.649482295482
7215631,0.00564786324786,0.0615700521701,0.932782084582
6940189,0.0388341880342,0.308586324786,0.652579487179
6888941,0.00398705738706,0.0212136752137,0.974799267399
6831598,0.0438459096459,0.366064424464,0.59008966589
6939963,0.0180017094017,0.214325097125,0.767673193473
6897175,0.390598801199,0.362754090354,0.246647108447
6816167,0.0482957264957,0.143601953602,0.808102319902
6812965,0.0281296703297,0.231043956044,0.740826373626
7149372,0.311052837761,0.474332510225,0.214614652015
6875959,0.00640366300366,0.0425367521368,0.95105958486
6925644,0.0636029304029,0.546911599512,0.389485470085
6874269,0.0467488067488,0.428492107892,0.524759085359
6814721,0.0223706959707,0.143263492063,0.834365811966
6922432,0.0253758241758,0.355882672883,0.618741502942
6858861,0.0139443223443,0.160853479853,0.825202197802
6835339,0.000923076923077,0.00112820512821,0.997948717949
6896997,0.213113797314,0.352642002442,0.434244200244
6921134,0.00179047619048,0.0389003663004,0.959309157509
6883685,0.266147008547,0.48925041625,0.244602575203
6911406,0.000683760683761,0.005136996337,0.994179242979
6825733,0.431204928405,0.296781485181,0.272013586414
6884462,0.227393406593,0.443297873067,0.329308720339
6858682,0.0139941391941,0.0654532356532,0.920552625153
6894013,0.228930776915,0.392553671969,0.378515551116
6856391,0.433170895771,0.248248107448,0.318580996781
6828064,0.00374065934066,0.0442457542458,0.952013586414
6817336,0.00141733821734,0.0502700854701,0.948312576313
6819178,0.0843477855478,0.30885996226,0.606792252192
7147339,0.133112820513,0.397207037407,0.46968014208
6887757,0.144297924298,0.492507936508,0.363194139194
6946859,0.0713855921856,0.358249150849,0.570365256965
6855963,0.00715286935287,0.0514971916972,0.94134993895
6839828,0.0865665445665,0.343553357753,0.56988009768
6870806,0.139406526807,0.463363325563,0.39723014763
6880221,0.0739312687313,0.345228105228,0.580840626041
6921809,0.0967014541015,0.367916350316,0.535382195582
6897069,0.0201694749695,0.200910667111,0.77891985792
6897157,0.202586169386,0.44779012099,0.349623709624
6898912,0.040789010989,0.231252503053,0.727958485958
6856271,0.150867155067,0.290345654346,0.558787190587
6888381,0.0,0.00411428571429,0.995885714286
7099191,0.0,0.0575179487179,0.942482051282
6917882,0.153165301365,0.431768098568,0.415066600067
6931260,0.00186666666667,0.0408701964702,0.957263136863
6849996,0.0496617826618,0.463067155067,0.487271062271
6887973,0.053978021978,0.31278021978,0.633241758242
6850205,0.199720612721,0.531387057387,0.268892329892
6845657,0.0765622821623,0.316698212898,0.60673950494
6930302,0.00598095238095,0.0469391941392,0.94707985348
6852391,0.0760508756201,0.240636119436,0.683313004944
6920411,0.294216979602,0.344016583417,0.361766436982
6907999,0.0127340659341,0.0936261294261,0.89363980464
6864094,0.018525030525,0.317877367077,0.663597602398
6813852,0.124866888667,0.30256043956,0.572572671773
7232295,0.280648107448,0.378965612166,0.340386280386
6896558,0.0739509157509,0.206687690088,0.719361394161
6858919,0.058506959707,0.582888964027,0.358604076266
6847828,0.0476544566545,0.132901098901,0.819444444444
6925116,0.13073169907,0.358832678433,0.510435622497
6854687,0.0847914529915,0.203954334554,0.711254212454
6946415,0.0931367179829,0.494271600195,0.412591681822
6827859,0.0,0.00147692307692,0.998523076923
6884313,0.322631501832,0.520997313797,0.156371184371
6848651,0.0572461538462,0.422569386169,0.520184459984
7136298,0.0229566211566,0.147361660562,0.829681718282
6874534,0.0259283827284,0.136436896437,0.837634720835
6908942,0.304064713065,0.452246398046,0.243688888889
6894718,0.000615384615385,0.0445179487179,0.954866666667
6876449,0.108678077478,0.272546253746,0.618775668776
6825630,0.118525763126,0.313611233211,0.567863003663
7155655,0.0280527472527,0.164315995116,0.807631257631
7201310,0.0166212454212,0.0838893772894,0.899489377289
6864334,0.0160534798535,0.0946515262515,0.889294993895
6876658,0.019326984127,0.117839294039,0.862833721834
6842370,0.0886869352869,0.217633455433,0.69367960928
6835467,0.348000976801,0.339694239094,0.312304784105
7227368,0.0403284493284,0.0975587301587,0.862112820513
6859482,0.0519471639472,0.208085958486,0.739966877567
6878641,0.032411965812,0.101251770452,0.866336263736
6869916,0.0,0.0024358974359,0.997564102564
6841060,0.00742124542125,0.119915018315,0.872663736264
6887832,0.0194593406593,0.214571606172,0.765969053169
6905898,0.0284991452991,0.0436637362637,0.927837118437
7104742,0.17953038073,0.515318414918,0.305151204351
6948090,0.0325026751027,0.293272616273,0.674224708625
6839851,0.113434965035,0.343102541903,0.543462493062
6934051,0.00432380952381,0.0382549450549,0.957421245421
6888727,0.259960683761,0.366261605062,0.373777711178
7167478,0.0278865134865,0.0382944832945,0.933819003219
6892109,0.179482339882,0.590291020091,0.230226640027
6908544,0.379126007326,0.263528449328,0.357345543346
6921725,0.0364478632479,0.324636874237,0.638915262515
6932343,0.0991395493395,0.513173759574,0.387686691087
6914309,0.00937509157509,0.210666666667,0.779958241758
6919805,0.0823411477411,0.200972893773,0.716685958486
6947828,0.047336996337,0.153964346764,0.798698656899
6920362,0.0765779912395,0.206366597505,0.717055411255
7110179,0.578282872683,0.270955089355,0.150762037962
6877834,0.225027838828,0.474487104349,0.300485056824
6876966,0.107821245421,0.304058251151,0.588120503428
6823918,0.0350058608059,0.156691819292,0.808302319902
6871243,0.00607399267399,0.0623562881563,0.93156971917
6928189,0.245002640095,0.319980718427,0.435016641478
6852455,0.119384615385,0.298063691864,0.582551692752
7208631,0.0389062271062,0.271114292244,0.68997948065
6831811,0.16067965368,0.633751359751,0.205568986569
6904276,0.023463980464,0.12016971917,0.856366300366
6831589,0.121360639361,0.23536969697,0.64326966367
6901814,0.0263001221001,0.145515351315,0.828184526585
6854667,0.810465911866,0.130043489843,0.0594905982906
7192650,0.00468424908425,0.0519484959485,0.943367254967
6836299,0.0215304029304,0.132796825397,0.845672771673
6887919,0.00790915750916,0.172135309135,0.819955533356
6927679,0.105453182715,0.41454155588,0.480005261405
6855908,0.0803892551893,0.299586946387,0.620023798424
6854766,0.0121706959707,0.0806630702631,0.907166233766
6847472,0.0351865689866,0.19846007326,0.766353357753
6862519,0.0417252747253,0.235624220224,0.722650505051
6938819,0.374141680542,0.232722521923,0.393135797536
6945434,0.0895672993673,0.291327228327,0.619105472305
6832722,0.595543611944,0.126927872128,0.277528515929
6852707,0.0136354090354,0.0865638583639,0.899800732601
7177680,0.0241474969475,0.331271728272,0.644580774781
6834945,0.00371794871795,0.00667228327228,0.98960976801
6890316,0.0457563769564,0.333346941947,0.620896681097
6816620,0.00727718947719,0.0700835540528,0.92263925647
6945175,0.0233723609724,0.131081274281,0.845546364746
6914016,0.0291047619048,0.187088607119,0.783806630976
6852619,0.104127716728,0.190434920635,0.705437362637
6813211,0.139396470196,0.447943456543,0.41266007326
6820546,0.0322945720946,0.130845487845,0.83685994006
6836128,0.00745445665446,0.0437633255633,0.948782217782
6850557,0.0865128205128,0.596641314241,0.316845865246
6864997,0.0749797313797,0.133073748474,0.791946520147
6883705,0.0490954822955,0.130343656344,0.820560861361
6898767,0.00397411477411,0.0456559218559,0.95036996337
6866020,0.0181934065934,0.111080830281,0.870725763126
7126382,0.409174469974,0.411761371961,0.179064158064
6847427,0.215113020313,0.429653724054,0.355233255633
6841013,0.045107048507,0.178548251748,0.776344699745
6909469,0.0,0.00297435897436,0.997025641026
6922473,0.00281318681319,0.0394363858364,0.95775042735
6925906,0.0575448107448,0.296349074857,0.646106114398
6946014,0.127493173493,0.350691619492,0.521815207015
6820739,0.0462061050061,0.255970940171,0.697822954823
6927559,0.446916505717,0.292406311637,0.260677182646
7174772,0.00675970695971,0.0850569208569,0.908183372183
6931036,0.0287347985348,0.330641958042,0.640623243423
6918163,0.0171194139194,0.197283760684,0.785596825397
6893604,0.116184577815,0.37331988012,0.510495542065
6868844,0.0657711843712,0.23766959707,0.696559218559
6814537,0.558987190587,0.247808902209,0.193203907204
6916118,0.00267692307692,0.0139362637363,0.983386813187
6838509,0.0555794871795,0.266928715729,0.677491797092
6919725,0.208718015318,0.447078499278,0.344203485403
6932476,0.000307692307692,0.00737118437118,0.992321123321
6860496,0.0333032967033,0.61002977023,0.356666933067
7156799,0.081136019536,0.611846538077,0.307017442387
6837521,0.0128805860806,0.212184126984,0.774935286935
6913204,0.041326007326,0.400513930514,0.55816006216
6947516,0.0871882783883,0.40174043734,0.511071284271
6838117,0.0310783882784,0.146154822955,0.822766788767
6933366,0.0254290598291,0.140195781996,0.834375158175
7134198,0.0435643467643,0.243761172161,0.712674481074
6898450,0.0755048285048,0.315925829726,0.608569341769
6819926,0.0485162393162,0.170413919414,0.78106984127
6947698,0.0437238095238,0.157386124986,0.79889006549
6838721,0.00143296703297,0.0116842490842,0.986882783883
6936661,0.0613330891331,0.537687061656,0.400979849211
6912257,0.0630644688645,0.245466178266,0.691469352869
6905569,0.00406153846154,0.0207934065934,0.975145054945
6927167,0.482856454656,0.242995071595,0.274148473748
7150689,0.022674969475,0.0996444444444,0.877680586081
6820358,0.148274525475,0.190014474414,0.661711000111
6945045,0.0584449328449,0.326222222222,0.615332844933
6866884,0.0374424908425,0.101283760684,0.861273748474
6820658,0.0894845154845,0.379558530359,0.530956954157
6826462,0.0370871794872,0.574969474969,0.387943345543
6932390,0.0345203907204,0.203486846487,0.761992762793
6905031,0.303585148185,0.425713664114,0.270701187701
6923011,0.0107658119658,0.0669548229548,0.922279365079
6908504,0.189408769009,0.418265601066,0.392325629926
6881050,0.297461050061,0.218727405927,0.483811544012
6892968,0.0185604395604,0.245024864025,0.736414696415
7346996,0.128672305472,0.491085692086,0.380242002442
6876206,0.0143531135531,0.139238583639,0.846408302808
6813475,0.0758027750028,0.270102075702,0.654095149295
7190057,0.0950033522034,0.137385658786,0.767610989011
6838465,0.195199111999,0.38234967255,0.422451215451
6899364,0.0621994005994,0.124634188034,0.813166411366
6891616,0.0,0.00427878787879,0.995721212121
6836715,0.0324844932845,0.133455833056,0.83405967366
6829616,0.0148578754579,0.119995115995,0.865147008547
6829144,0.0511650793651,0.528693772894,0.420141147741
6893064,0.0282,0.176942162111,0.794857837889
6861300,0.00241025641026,0.0946390720391,0.902950671551
6926847,0.0223737817738,0.475011854812,0.502614363414
6894021,0.0227653235653,0.118816849817,0.858417826618
6897946,0.0313311355311,0.194673326673,0.773995537796
6835716,0.128041824842,0.307908226816,0.564049948342
6832160,0.407883827284,0.322796225996,0.26931994672
6835291,0.0291958485958,0.130852014652,0.839952136752
6945184,0.0354985066216,0.171350186566,0.793151306813
7140488,0.045966033966,0.263389010989,0.690644955045
6937850,0.0882444444444,0.342962370962,0.568793184593
6899603,0.0405535575536,0.109447374847,0.849999067599
6903105,0.15517982018,0.289467399267,0.555352780553
6828476,0.0137802197802,0.121739238539,0.864480541681
6835098,0.00423663003663,0.0288573870574,0.966905982906
6830512,0.0646198024198,0.169330691531,0.76604950605
6879997,0.0260522588523,0.116279646849,0.857668094299
7131517,0.0699098901099,0.333772116772,0.596317993118
6835955,0.196246398046,0.46932993673,0.334423665224
6875250,0.0264166056166,0.185382905983,0.7882004884
6932794,0.0938202686203,0.339371428571,0.566808302808
6948263,0.0520878898879,0.464260894661,0.483651215451
6867201,0.253958419358,0.51782957043,0.228212010212
6882748,0.193045421245,0.226907692308,0.580046886447
6902842,0.135108424908,0.281879365079,0.583012210012
6847535,0.0994346764347,0.354483671884,0.546081651682
6825267,0.0430244200244,0.170109401709,0.786866178266
6909277,0.0680871794872,0.0999484737485,0.831964346764
7152429,0.421963976195,0.390683755561,0.187352268245
6931179,8.79120879121e-05,0.0386974358974,0.961214652015
6896746,0.220021465714,0.406780921642,0.373197612644
6937073,0.00809206349206,0.200937906538,0.79097002997
6934627,0.00311428571429,0.00792600732601,0.98895970696
6887878,0.196661582862,0.3559999334,0.447338483738
6921531,0.0266798534799,0.192145054945,0.781175091575
6897461,0.00899145299145,0.0364168498168,0.954591697192
6862066,0.178374691975,0.377856143856,0.443769164169
6851531,0.128297680098,0.407158730159,0.464543589744
6928550,0.048443956044,0.0997054945055,0.851850549451
6945851,0.0313514041514,0.159771935757,0.808876660092
6946955,0.00266666666667,0.0295870795871,0.967746253746
6869136,0.167091242091,0.598782661783,0.234126096126
6908667,0.0424653124653,0.268617227217,0.688917460317
6820525,0.196215695416,0.292252836053,0.511531468531
6887970,0.110868620269,0.440221245421,0.44891013431
6848365,0.0538251526252,0.453346520147,0.492828327228
6816173,0.0397401709402,0.170187789988,0.790072039072
6900732,0.0,0.0112067710068,0.988793228993
6815786,0.120678453171,0.375928249528,0.503393297301
6945972,0.160007326007,0.429346351085,0.410646322908
6848445,0.0455767565768,0.187464513265,0.766958730159
6856486,0.14446984127,0.434172915973,0.421357242757
6867010,0.0369147741148,0.283111732712,0.679973493173
6828257,0.264812987013,0.209192185592,0.525994827395
6871807,0.0325628815629,0.191218093018,0.776219025419
7212966,0.0,0.0181963369963,0.981803663004
6889959,0.17683028083,0.310653724054,0.512515995116
6915510,0.00521758241758,0.0937042735043,0.901078144078
6905402,0.0101948717949,0.116283494283,0.873521633922
6826100,0.0958265512266,0.453159462759,0.451013986014
6848893,0.0249755799756,0.323846264846,0.651178155178
7155647,0.268692546769,0.224812792336,0.506494660895
6812883,0.156756976357,0.658956288156,0.184286735487
6866095,0.00826398046398,0.0587367521368,0.932999267399
6931127,0.0126285714286,0.0812675546676,0.906103873904
6829407,0.0227010989011,0.136025174825,0.841273726274
6867548,0.332624175824,0.40001951382,0.267356310356
7132575,0.0298435564436,0.253426018426,0.71673042513
6890847,0.0310879120879,0.141956043956,0.826956043956
6916429,0.00740073260073,0.0269787545788,0.965620512821
6884716,0.494811477411,0.352351892552,0.152836630037
6896897,0.379938883339,0.358996514597,0.261064602065
6941572,0.0902765012765,0.15995995116,0.749763547564
6945277,0.0893492507493,0.427375269175,0.483275480075
7133293,0.011884981685,0.110340659341,0.877774358974
7213385,0.0105216117216,0.093715018315,0.895763369963
6831928,0.104926251526,0.42342985903,0.471643889444
6932687,0.00927723387723,0.117513175713,0.87320959041
6873877,0.0128408258408,0.0849887889888,0.90217038517
7135459,0.264717438117,0.309430502831,0.425852059052
6876620,0.000153846153846,0.0245946053946,0.975251548452
6936163,0.00635677655678,0.157265368819,0.836377854624
6912398,0.218301143301,0.283795589026,0.497903267672
6917655,0.0169123321123,0.104924231324,0.878163436563
6941149,0.0307816849817,0.136835342435,0.832382972583
6941378,0.0183660561661,0.061367965368,0.920265978466
6882453,0.0174346764347,0.167534554335,0.815030769231
7119160,0.0389221001221,0.192374358974,0.768703540904
6868451,0.0584203130203,0.365487534688,0.576092152292
6945881,0.0820285714286,0.254924297924,0.663047130647
6822541,0.0857858363858,0.255203751804,0.65901041181
6884355,0.073102009102,0.436984326784,0.489913664114
7132247,0.0304373626374,0.257812298812,0.71175033855
6872049,0.0974774780775,0.358977688978,0.543544832945
6890740,0.0105304029304,0.0739477411477,0.915521855922
6840897,0.0769919413919,0.252681318681,0.670326739927
6847694,0.0205692307692,0.126306471306,0.853124297924
6938196,0.0169397269397,0.249155044955,0.733905228105
6939526,0.0380275946276,0.312633899434,0.649338505939
6917529,0.00491282051282,0.0181982905983,0.976888888889
6885636,0.00611282051282,0.105409057609,0.888478121878
7202614,0.00225641025641,0.0156822954823,0.982061294261
6926453,0.128248595849,0.536860583861,0.334890820291
6844636,0.218795115995,0.239151892552,0.542052991453
6879293,0.493569283708,0.319596847597,0.186833868695
6924780,0.100245177045,0.293594139194,0.606160683761
6881024,0.01963003663,0.0559648795649,0.924405083805
6851374,0.144185481185,0.332311688312,0.523502830503
6850953,0.0275313797314,0.127736308136,0.844732312132
6892292,0.00637753357753,0.0892698190698,0.904352647353
6886159,0.00984517704518,0.0793172912558,0.910837531699
6849877,0.136642979243,0.335562775686,0.527794245071
6940840,0.0158131868132,0.151867399267,0.832319413919
6926838,0.0239387945388,0.334689488289,0.641371717172
6879243,0.228579092702,0.417139100216,0.354281807082
6944286,0.064821978022,0.323765323565,0.611412698413
6915587,0.270722188922,0.519978155178,0.2092996559
6881904,0.106245510046,0.296941236541,0.596813253413
7154358,0.158267399267,0.286893772894,0.554838827839
6899258,0.0046652014652,0.0987445665446,0.89659023199
6855460,0.257375824176,0.533156754357,0.209467421467
6864884,0.0190871794872,0.143063092463,0.83784972805
6868209,0.155859149398,0.322977489177,0.521163361425
6853834,0.070178998779,0.31057040737,0.619250593851
7210020,0.0747689199689,0.38797034077,0.537260739261
6933228,0.0418475080475,0.202483272283,0.755669219669
6929227,0.0979396825397,0.26627032967,0.63578998779
7192346,0.111979487179,0.251575091575,0.636445421245
6928834,0.00908473748474,0.129253413253,0.861661849262
6812269,0.0303262515263,0.14372241263,0.825951335844
6851446,0.0704606726607,0.223723640462,0.705815686877
6930820,0.00199267399267,0.0279978021978,0.97000952381
6875310,0.142921633922,0.207124764125,0.649953601954
6932397,0.0954061050061,0.433607081807,0.470986813187
6904291,0.00209377289377,0.0158293040293,0.982076923077
6921642,0.0478346764347,0.488010789211,0.464154534355
7136057,0.275214407814,0.175623953824,0.549161638362
6920815,0.0096735042735,0.0943886557887,0.895937839938
6861757,0.190835853036,0.53873952714,0.270424619825
6934222,0.529983749584,0.265775713176,0.204240537241
6946448,0.0473296703297,0.282568009768,0.670102319902
6890569,0.284521767122,0.268957575758,0.446520657121
6884477,0.0692407814408,0.352704473304,0.578054745255
7145006,0.00191941391941,0.0707509157509,0.92732967033
6893718,0.00107692307692,0.0380934842935,0.96082959263
6893330,0.0172527472527,0.202733066933,0.780014185814
6901780,0.00519120879121,0.0498197802198,0.944989010989
6815738,0.119831035631,0.445804351204,0.434364613165
6917209,0.0540962148962,0.237637340437,0.708266444666
6904227,0.00449743589744,0.0291174603175,0.966385103785
6894402,0.000851282051282,0.0418915750916,0.957257142857
7146083,0.051326984127,0.199493040293,0.74917997558
6902153,0.0160007326007,0.0629006105006,0.921098656899
6925988,0.0996908424908,0.318027594628,0.582281562882
6881323,0.0,0.000553846153846,0.999446153846
6937405,0.295331268731,0.259673593074,0.444995138195
7098390,0.155322344322,0.479916727717,0.364760927961
6935942,0.167021978022,0.563136752137,0.269841269841
6833510,0.0844918858919,0.385885225885,0.529622888223
6812857,0.0912245088245,0.471110711511,0.437664779665
6828441,0.144781684982,0.286823776224,0.568394538795
6915711,0.212457631258,0.551016361416,0.236526007326
6880643,0.250603951604,0.413674503275,0.335721545122
7224930,0.0337816849817,0.490318570319,0.4758997447
6852614,0.00173333333333,0.0485865689866,0.94968009768
6853816,0.107755555556,0.213494505495,0.67874993895
6811964,0.147022710623,0.330883338883,0.522093950494
6847800,0.00997362637363,0.0567035409035,0.933322832723
6859897,0.175861782662,0.313153113553,0.510985103785
6882929,0.00164102564103,0.0413736263736,0.956985347985
7157584,0.00345860805861,0.0727203907204,0.923821001221
6863444,0.00720366300366,0.0201467643468,0.97264957265
6836902,0.0,0.0255037851038,0.974496214896
6918960,0.0641323565324,0.480531313131,0.455336330336
6882854,0.0769865689866,0.307459140859,0.615554290154
6822755,0.0146305250305,0.0725641025641,0.912805372405
6815184,0.154434920635,0.325997069597,0.519568009768
6846582,0.0693897435897,0.124772338772,0.805837917638
6940309,0.0270175824176,0.138838339438,0.834144078144
6924056,0.00558974358974,0.11145976246,0.88295049395
6824481,0.00826446886447,0.142404195804,0.849331335331
6839735,0.00112527472527,0.046956043956,0.951918681319
6900130,0.0476361416361,0.250151470751,0.702212387612
6946739,0.00885796425796,0.0377316683317,0.95341036741
7144008,0.0266144078144,0.288796825397,0.684588766789
6863751,0.00148717948718,0.0160512820513,0.982461538462
6820293,0.0463743589744,0.410468376068,0.543157264957
6818472,0.0167089133089,0.160823243423,0.822467843268
6832420,0.0213793317793,0.156388278388,0.822232389832
6879450,0.000225641025641,0.0392324786325,0.960541880342
6943618,0.0227140859141,0.273179331779,0.704106582307
6883463,0.0251496947497,0.21499020979,0.75986009546
6834919,0.172178843379,0.336831413031,0.49098974359
7505696,0.0163091575092,0.0409401709402,0.942750671551
6903645,0.0317746031746,0.202205128205,0.76602026862
6831148,0.458679365079,0.239936996337,0.301383638584
6828948,0.0455975579976,0.13964959485,0.814752847153
6878495,0.00779072039072,0.0944417804418,0.897767499167
6924862,0.00355018315018,0.0346727050727,0.961777111777
6887802,0.0412185592186,0.314514196914,0.644267243867
6903228,0.715699145299,0.201484981685,0.0828158730159
6947415,0.0,0.0100549450549,0.989945054945
6941508,0.351551115551,0.370083227883,0.278365656566
6856111,0.0245777777778,0.309146275946,0.666275946276
7126808,0.0205557997558,0.136552625153,0.842891575092
6939857,0.0266852258852,0.23701960262,0.736295171495
6822528,0.272347785548,0.354004284604,0.373647929848
6947631,0.151615628816,0.344375113775,0.504009257409
6887810,0.00826666666667,0.157040936841,0.834692396492
6849210,0.0326935286935,0.285127161727,0.682179309579
6901742,0.000974358974359,0.0219133089133,0.977112332112
6850925,0.327724297924,0.421536916075,0.250738786
7181995,0.177995781996,0.303639027639,0.518365190365
6841559,0.00518681318681,0.0185992673993,0.976213919414
6822957,0.0650800976801,0.0885206349206,0.846399267399
6943349,0.0358832722833,0.15905030525,0.805066422466
6923825,0.0155536019536,0.130827350427,0.853619047619
6871218,0.299140681541,0.357145565546,0.343713752914
6932761,0.274991452991,0.435415540016,0.289593006993
