listing_id,high,medium,low
7142618,0.0860709976519,0.348566120773,0.565362881575
7210040,0.233751780088,0.45346990819,0.312778311722
7103890,0.0392545975435,0.172061118226,0.788684284231
7143442,0.0958023391424,0.309977705831,0.594219955027
6860601,0.0271365396958,0.232931287572,0.739932172732
6840081,0.0,0.0548025795202,0.94519742048
6922337,0.107456158207,0.501732221694,0.3908116201
6913616,0.229366790613,0.53645170004,0.234181509347
6937820,0.0458801659336,0.161715559948,0.792404274118
6893933,0.0226048797403,0.141160162757,0.836234957503
6832604,0.0044650944341,0.0280993670911,0.967435538475
6915282,0.197611414887,0.508223676563,0.29416490855
7127565,0.0125906311967,0.111801410697,0.875607958107
6827899,0.0308171960082,0.148586038371,0.820596765621
6934855,0.00743484186834,0.059282033375,0.933283124757
6861826,0.0154425312272,0.273085447479,0.711472021294
6871643,0.0447465449678,0.368519131691,0.586734323341
6842542,0.000384955760614,0.0554464503423,0.944168593897
6934145,0.00196118460346,0.0641576490873,0.933881166309
6829365,0.345266334193,0.358135690776,0.29659797503
7167858,0.0409993933601,0.137648679267,0.821351927373
6859483,0.0252215885601,0.210092733032,0.764685678408
6861377,0.0635954159874,0.263292943044,0.673111640969
6848960,0.15214309695,0.287233853591,0.560623049459
6918850,0.015413085674,0.0993074556867,0.885279458639
6916867,0.192354897052,0.381342605484,0.426302497464
6895840,0.0060741629774,0.0881168990112,0.905808938011
6813539,0.491127804312,0.357545565696,0.151326629991
7116900,0.0504680995227,0.294960272279,0.654571628198
6890328,0.354360897673,0.275226795427,0.3704123069
6879406,0.0735566942096,0.241844957933,0.684598347858
6824924,0.105427266116,0.290153203167,0.604419530717
6911302,0.0404754298612,0.0559199149165,0.903604655222
6918742,0.154877962259,0.578344796508,0.266777241233
6910586,0.00366861683944,0.157982777739,0.838348605422
6821750,0.00723898029981,0.0865249931468,0.906236026553
6860647,0.0429715312578,0.385835493968,0.571192974774
6932873,0.0929819218633,0.415236840213,0.491781237924
6846053,0.0121970367173,0.122967005494,0.864835957789
6940365,0.0602942210338,0.327612951384,0.612092827582
6931867,0.0143365559386,0.157051588956,0.828611855106
6876383,0.122545262132,0.221103450395,0.656351287473
6910980,0.215693728903,0.582655504704,0.201650766394
6880877,0.190433242974,0.525477573993,0.284089183033
6839552,0.0681953103572,0.636328425846,0.295476263797
6838051,0.359744069317,0.418391542128,0.221864388555
6928201,0.390019291716,0.437238087143,0.172742621141
6945608,0.192822348021,0.56402035958,0.243157292399
6816147,0.0483072803434,0.180662484582,0.771030235075
6868129,0.0599605109811,0.339579377975,0.600460111044
6849448,0.0231824048888,0.250022918283,0.726794676828
7113677,0.370878885542,0.488364519963,0.140756594495
6930856,0.0210608975643,0.116846636474,0.862092465962
6889594,0.083826249651,0.412611333459,0.50356241689
6842682,0.0221096208904,0.193902667969,0.783987711141
6880366,0.158712423147,0.496479104305,0.344808472549
6835063,0.000497375541126,0.0127423107976,0.986760313661
6820479,0.373504296814,0.31512041466,0.311375288526
6882057,0.026366911207,0.262937768931,0.710695319862
6834440,0.0657436357692,0.356855373013,0.577400991217
6880846,0.000201867335563,0.00337577789969,0.996422354765
6847248,0.0,0.0138053180571,0.986194681943
6868368,0.00647693416478,0.053190193396,0.940332872439
6943505,0.00997557153395,0.0475394080488,0.942485020417
7174304,0.0392883801605,0.125668277171,0.835043342668
6880747,0.0322658296815,0.111977352448,0.85575681787
6933565,0.0614323437959,0.331613711747,0.606953944457
6888511,0.0134677447954,0.0178809854162,0.968651269788
6942704,0.0724503149343,0.348642463435,0.57890722163
6840304,0.110485802491,0.385549646853,0.503964550656
6856860,0.00344318298362,0.0368111936691,0.959745623347
6884921,0.00417441044735,0.0218275078511,0.973998081702
6937417,0.00483638658998,0.177340624891,0.817822988519
6831129,0.000292747252747,0.0301436922799,0.969563560467
6936660,0.194882826923,0.417180862278,0.3879363108
6940667,0.00137968729327,0.058279799686,0.940340513021
7201307,0.000244687001595,0.0301530195777,0.969602293421
6825434,0.0193898246931,0.162781924417,0.81782825089
6848114,0.0351482396367,0.0750269482076,0.889824812156
6947758,0.594913863838,0.190067154372,0.21501898179
6897002,0.0593680972052,0.342110806392,0.598521096403
6926661,0.00206260231492,0.0966790015778,0.901258396107
6867411,0.0768428225902,0.298765076906,0.624392100503
6910154,0.0261406752831,0.179575529809,0.794283794908
7157900,0.0496406285916,0.271470338745,0.678889032664
6922324,0.0525782696392,0.352199043341,0.59522268702
6863068,0.0342430602974,0.183590519515,0.782166420188
6912109,0.0160088796934,0.143660489898,0.840330630409
6918609,0.0295994428829,0.277217601007,0.69318295611
6889300,0.147478938344,0.361532782066,0.49098827959
6837794,0.127238489184,0.379579704044,0.493181806772
6943098,0.214825052599,0.329635852858,0.455539094543
6927601,0.112880329804,0.399503815575,0.487615854621
6897826,0.0101195900422,0.0894824159229,0.900397994035
6882892,0.00502270524367,0.040714664744,0.954262630012
6873384,0.381858318894,0.358695177605,0.259446503501
6934693,0.0303502075391,0.220749500564,0.748900291897
7224450,0.0422400158253,0.244865999473,0.712893984702
6898157,0.00867567722287,0.0720836763523,0.919240646425
6837355,5.55555555556e-05,0.0236654022479,0.976279042197
6830595,0.205798852986,0.415007128692,0.379194018322
6943561,0.168482340244,0.507482659043,0.324035000712
6844380,0.2804858983,0.424741454514,0.294772647186
6814286,0.022820495179,0.113719673736,0.863459831085
6898520,0.184903565713,0.445719096751,0.369377337536
6940979,0.4491430206,0.262924934984,0.287932044416
6851090,0.383768129612,0.370782964503,0.245448905885
7107169,0.049672261025,0.263031656696,0.687296082279
6830287,0.135080514639,0.183056381919,0.681863103442
6933575,0.136157326381,0.516497659785,0.347345013834
6938972,0.0168651538393,0.113921883613,0.869212962547
6888315,0.00172035310375,0.0193815216947,0.978898125202
6855106,0.00943410848402,0.0848446066383,0.905721284878
6838237,0.198603115396,0.553285383804,0.2481115008
6901024,0.0801639617024,0.213789838668,0.70604619963
6846627,0.00830773933405,0.14658212356,0.845110137106
7219857,0.00035,0.0161162048808,0.983533795119
6852685,0.0461974753,0.319307579218,0.634494945482
6831610,0.155968670443,0.53259250524,0.311438824316
6943538,0.142917567402,0.476168493059,0.380913939539
6911637,0.00429200719258,0.01741657258,0.978291420227
6854543,0.0493996057241,0.10502906363,0.845571330646
6940451,0.0322087218844,0.333727287169,0.634063990946
6819530,0.320185254833,0.369325215161,0.310489530006
7093396,0.0203116924516,0.204403758327,0.775284549221
6840326,0.00910065371091,0.114685222863,0.876214123426
6834204,0.0202693794655,0.0656421747283,0.914088445806
6902518,0.102918587859,0.374404372738,0.522677039404
6930253,0.0596730890914,0.315902650606,0.624424260303
6828293,0.00186559728971,0.109502708607,0.888631694104
7203744,0.483545207072,0.218871531409,0.297583261519
6816478,0.120195188012,0.495585697207,0.384219114781
6868890,0.00267676063234,0.0694601390532,0.927863100314
6879338,0.0553579219794,0.453906153646,0.490735924375
6898532,0.0915820156902,0.227503618201,0.680914366108
6899965,0.00631822419613,0.0891210135842,0.90456076222
7133875,0.00850874283069,0.0260625759885,0.965428681181
6822218,0.0926932284819,0.233192670094,0.674114101424
6814018,0.16231649438,0.213784295922,0.623899209697
6896376,0.100939697748,0.418263112359,0.480797189893
6918670,0.149690991894,0.380081546217,0.470227461889
6867839,0.000324499775587,0.0189396832267,0.980735816998
6823554,0.00167442112626,0.0282598330977,0.970065745776
6934798,0.0641220333776,0.232689738795,0.703188227828
6820823,0.172540201655,0.5401072648,0.287352533545
6880212,0.0138491662166,0.0999646169358,0.886186216848
6934814,0.0142997151866,0.128851649407,0.856848635407
7254134,0.0320567971359,0.0961013328629,0.871841870001
6938303,0.302404174938,0.498770297999,0.198825527063
6813807,0.127687632405,0.399252555137,0.473059812458
6878604,0.0148509698298,0.0494583804069,0.935690649763
6876763,0.0363155978801,0.157866362288,0.805818039832
6844352,0.00356368898768,0.0869620821789,0.909474228833
6915939,0.162228845524,0.514365695496,0.32340545898
7109370,0.133103880182,0.46805577695,0.398840342868
6855445,0.0621239300559,0.22858004086,0.709296029084
6818668,0.0223144436465,0.297310259521,0.680375296833
6836527,0.000210139318885,0.00786244853523,0.991927412146
6831717,0.0507784425505,0.181913889747,0.767307667703
6937162,0.11386804011,0.437547445155,0.448584514735
6922876,0.0106682872329,0.0573051201281,0.932026592639
7109482,0.0370690171114,0.380460007432,0.582470975456
6940972,0.108512703964,0.331356785661,0.560130510375
6883790,0.15652064501,0.358299915886,0.485179439104
6921643,0.0220305274863,0.255972599798,0.721996872716
6935700,0.0123878326755,0.204958610752,0.782653556572
6827025,0.0252124748069,0.261691703418,0.713095821775
6943096,0.0606871210828,0.169250960347,0.770061918571
7161468,0.029279621438,0.191228056394,0.779492322168
6879610,0.033312194971,0.209578705916,0.757109099113
6935762,0.0912968094063,0.321759352106,0.586943838488
6925042,0.0218657932084,0.0870199891975,0.891114217594
7121050,0.0726049286372,0.164368137363,0.763026934
6821601,0.0936379933664,0.20629111418,0.700070892453
6926810,0.00777223814237,0.0630173284214,0.929210433436
6946532,0.0299501824135,0.195439672972,0.774610144614
6875171,0.0575340630542,0.373311174012,0.569154762934
7096285,0.111013154982,0.352741224273,0.536245620746
6812321,0.0160341323969,0.162797522132,0.821168345471
6822697,0.0847227676855,0.24797851845,0.667298713865
6941294,0.00232012002013,0.194707259937,0.802972620042
6873564,0.00324552296134,0.00599409082116,0.990760386217
6926791,0.0244094439703,0.280123745187,0.695466810843
7142444,0.532969702282,0.29063483315,0.176395464567
6878128,0.10959183204,0.559920590735,0.330487577225
6927428,0.0367486261585,0.167395742276,0.795855631566
6812674,0.000806426322216,0.00635487327623,0.992838700402
6881774,0.236440339747,0.401191801981,0.362367858272
7167797,0.00289492473538,0.034323441997,0.962781633268
6865238,0.111293280967,0.655821323528,0.232885395505
6841710,0.104325968376,0.285131130945,0.610542900679
6856334,0.00505512945675,0.0354027544066,0.959542116137
6906462,0.00905182383635,0.152395283567,0.838552892597
6837438,0.118438354359,0.366408001608,0.515153644033
6908277,0.175512401114,0.525625131679,0.298862467207
6841291,0.0492401558793,0.187959895032,0.762799949089
6915178,0.255832982101,0.514650834808,0.229516183091
6893031,0.209116038019,0.435304408397,0.355579553584
6894985,0.256138318853,0.424125241151,0.319736439997
6931134,0.102441919378,0.36904050173,0.528517578893
6872264,0.389233727114,0.40102961123,0.209736661657
6816953,0.164082116194,0.325818635849,0.510099247956
7163518,0.344220524765,0.351478825576,0.30430064966
6893253,0.0435151527269,0.209980138763,0.74650470851
6943822,0.0569012843403,0.333119830208,0.609978885452
6946313,0.0535345416604,0.210777654445,0.735687803894
6839443,0.00999608110766,0.0511170173005,0.938886901592
6911338,0.0424596266602,0.281857889766,0.675682483574
7223877,0.638950474988,0.191068197272,0.169981327739
6917884,0.03479528208,0.293930704236,0.671274013684
6823126,0.000489113181504,0.0147277317456,0.984783155073
6939488,0.237434352552,0.458327797256,0.304237850192
7196924,0.060237864231,0.184412902994,0.755349232775
6905685,0.0405683911207,0.150780987141,0.808650621739
6894092,0.00713624609033,0.0326313511023,0.960232402807
6812181,0.0244845793011,0.323030041106,0.652485379593
6854610,0.0306918174938,0.273139652755,0.696168529751
6873754,0.160698611644,0.345752899512,0.493548488844
6859181,0.941393052575,0.0404528040408,0.018154143384
6825402,0.00483293897191,0.105686891055,0.889480169973
6819526,0.0063504307031,0.091367951195,0.902281618102
6896065,0.000289285714286,0.0333989628738,0.966311751412
6931793,0.0893831617758,0.349022349435,0.561594488789
6907360,0.0155176075168,0.151510566429,0.832971826055
6813182,0.0195568832316,0.215799288534,0.764643828235
6823959,0.0289616936454,0.249201989057,0.721836317298
6942189,0.228394756743,0.459130735118,0.312474508139
6844384,0.0292370118059,0.166072976971,0.804690011223
6836888,0.448934215024,0.273958086881,0.277107698095
6917844,0.0322369840688,0.212864590987,0.754898424944
6937842,0.0665733632372,0.423413029491,0.510013607272
6926917,0.113193098761,0.313959968684,0.572846932556
7160740,0.0788216356303,0.185913654633,0.735264709737
6936310,0.0665076741623,0.454627841125,0.478864484713
6849109,0.183795052535,0.447553039327,0.368651908138
6831018,0.000173611111111,0.0385920792974,0.961234309591
6909842,0.00266113847321,0.0678588432015,0.929480018325
6861360,0.000340912062766,0.0265557637117,0.973103324225
6883414,0.0726184500822,0.326218712834,0.601162837084
6876026,0.0950120473283,0.315225006155,0.589762946517
7095390,0.000162577700078,0.00511790390724,0.994719518393
6932265,0.501258942142,0.34694401345,0.151797044408
6870949,0.0585371595895,0.306351511454,0.635111328956
6831335,0.0637124685694,0.321445964028,0.614841567402
6895698,0.113776544025,0.302259949205,0.58396350677
6889889,0.145908995015,0.263815951417,0.590275053568
6876679,0.0550024749678,0.194242563121,0.750754961911
6947097,0.225987825635,0.209188140545,0.564824033821
6874970,0.0157037228909,0.0908379112412,0.893458365868
6831069,0.435833197599,0.402148637841,0.16201816456
6833628,0.101429820459,0.223764355156,0.674805824384
6819282,0.0878772308221,0.343650889687,0.568471879491
6825025,0.0205512098625,0.171872413583,0.807576376555
6856513,0.0343551853939,0.248743265673,0.716901548933
6928711,0.00130383838384,0.0306834529114,0.968012708705
6832548,0.0945923462931,0.416687451218,0.488720202489
6881870,0.0351524869371,0.324581169914,0.640266343149
6866978,0.2156293702,0.605445951579,0.178924678221
7163400,0.344220524765,0.351478825576,0.30430064966
6917187,0.233768686543,0.551045857875,0.215185455581
6927475,0.0159660822752,0.362191304731,0.621842612994
6903243,0.0378703342497,0.376531879217,0.585597786534
6876188,0.0127463877964,0.0802199673308,0.907033644873
6922219,0.0184295878949,0.0808222085594,0.900748203546
7104085,7.68939393939e-05,0.00223483202965,0.997688274031
6920897,0.143764769039,0.43492460143,0.421310629531
6812177,0.0226454728481,0.190619460437,0.786735066715
6941047,0.0873415344316,0.512279357435,0.400379108134
6827609,0.0004283126294,0.0330808064793,0.966490880891
6934328,0.00715679940165,0.0749691592199,0.917874041378
6937556,0.515142502175,0.356179270541,0.128678227284
6879765,0.0847245414732,0.612864647366,0.302410811161
6942927,0.00039165288541,0.0578767675188,0.941731579596
6945170,0.0495889881549,0.375589659001,0.574821352844
6901915,0.0879857283071,0.383971364833,0.528042906859
6824475,0.0274078174834,0.264530021806,0.70806216071
6832968,0.0473783666401,0.212283786483,0.740337846877
7166718,0.000683991906786,0.0239830692723,0.975332938821
6905079,0.0136300792982,0.179369613093,0.807000307609
6940297,0.184107280082,0.612114383388,0.20377833653
6911080,0.0447328988324,0.497334253713,0.457932847455
6917208,0.0287638663128,0.214251261494,0.756984872193
6858925,0.0885314976404,0.553822943385,0.357645558974
7169883,0.148668892439,0.480762684571,0.37056842299
6944112,0.298281460681,0.48939189812,0.2123266412
6885816,0.0139819839654,0.0931907819818,0.892827234053
6837733,0.0126684776866,0.0515391326649,0.935792389648
6828658,0.0994044423912,0.313385351475,0.587210206133
6839429,0.210555761328,0.412583098023,0.376861140649
7164794,0.0236928998397,0.172380971793,0.803926128368
6837661,0.0941842242909,0.26541839764,0.640397378069
6883255,0.0081892383864,0.0800484122461,0.911762349368
6833054,0.0667544406299,0.390618435967,0.542627123403
7675463,0.0794110359672,0.443049595952,0.47753936808
6871526,0.132281672797,0.233095320054,0.634623007148
6876295,0.063022808962,0.297262541748,0.63971464929
7204045,0.000471445221445,0.10533981396,0.894188740818
6840357,0.106399347156,0.392613865565,0.500986787279
6917531,0.00153541087481,0.0697406717845,0.928723917341
6886057,0.41101625312,0.335774152214,0.253209594666
6833734,0.0338941961328,0.46567843436,0.500427369507
6908098,0.0754424649677,0.252559608557,0.671997926476
6860562,0.00998348612885,0.0737083844644,0.916308129407
6859167,0.104797366123,0.269127141197,0.62607549268
6812141,0.0181037723208,0.149194137314,0.832702090365
6919431,0.00314718802075,0.04970908608,0.947143725899
6869389,0.033223423416,0.181509281676,0.785267294908
6906034,0.0243355913537,0.139928983321,0.835735425326
7108495,0.0025270243681,0.0156888222635,0.981784153368
6864681,0.00375054520163,0.0438461894052,0.952403265393
6893982,0.0184956143281,0.146304283117,0.835200102555
6862160,0.0180443156067,0.124822307538,0.857133376855
6854804,0.0954184433454,0.326197624866,0.578383931789
7143164,0.0269683365529,0.413692827883,0.559338835564
6936651,0.0314649392411,0.209867625509,0.75866743525
6837450,0.0443838666948,0.234631902685,0.72098423062
6908259,0.664487711311,0.13877577183,0.196736516859
6916539,0.0557111023294,0.22849987191,0.71578902576
6947176,0.103726500037,0.255029553305,0.641243946658
6933958,0.334688618916,0.396697265514,0.26861411557
6816549,0.224616584509,0.496507570628,0.278875844864
6876117,0.00125651489486,0.0963316035986,0.902411881507
6848605,0.035548914521,0.229596318323,0.734854767156
6840659,0.0171090637552,0.110035777258,0.872855158987
6823496,0.260462789627,0.451216909558,0.288320300815
6912609,4.54545454545e-05,0.000354589123579,0.999599956331
7097937,0.0165984298557,0.088363576196,0.895037993948
6924524,0.034697633764,0.272617489744,0.692684876492
6938236,0.0126433417628,0.0714846693552,0.915871988882
6865751,0.00317847923731,0.0138320903012,0.982989430462
6936323,0.00517783586463,0.0767411133963,0.918081050739
6868422,0.092880576849,0.355680657856,0.551438765295
7210133,0.022254473216,0.346881341799,0.630864184985
7215631,0.00676788037354,0.0565009324681,0.936731187158
6940189,0.0520913712318,0.353776315546,0.594132313222
6888941,0.00170659837089,0.0121829532948,0.986110448334
6831598,0.0394116650718,0.391532321702,0.569056013226
6939963,0.0191783736103,0.205672510256,0.775149116134
6897175,0.337396588733,0.448285915093,0.214317496174
6816167,0.045288885828,0.16378063503,0.790930479142
6812965,0.0269686443495,0.261537630576,0.711493725075
7149372,0.308957321773,0.486491189383,0.204551488844
6875959,0.00136832330606,0.0170774044522,0.981554272242
6925644,0.0548969522412,0.608369364894,0.336733682865
6874269,0.0486154024712,0.396619849608,0.55476474792
6814721,0.0202059673167,0.175677621534,0.80411641115
6922432,0.0288122988528,0.316819894927,0.65436780622
6858861,0.0102424251187,0.108767923885,0.880989650996
6835339,2.27272727273e-05,0.00170998015873,0.998267292569
6896997,0.12916397516,0.393739039952,0.477096984888
6921134,0.00048100459482,0.0414758779243,0.958043117481
6883685,0.22496996365,0.55186051707,0.22316951928
6911406,0.000127168174962,0.00155064531057,0.998322186514
6825733,0.437600792833,0.326432540196,0.23596666697
6884462,0.19480446432,0.477726975837,0.327468559842
6858682,0.0102039257908,0.0510686815706,0.938727392639
6894013,0.214750918413,0.422334281095,0.362914800492
6856391,0.385170892351,0.29596019975,0.318868907899
6828064,0.00127154944258,0.0442284908466,0.954499959711
6817336,0.000734211159211,0.068743951623,0.930521837218
6819178,0.070321265808,0.314475786146,0.615202948046
7147339,0.130806109716,0.422744311677,0.446449578607
6887757,0.175956979267,0.496180598514,0.327862422219
6946859,0.0616712561021,0.367329270684,0.570999473214
6855963,0.011384600165,0.0528590874297,0.935756312405
6839828,0.103443216115,0.440455252065,0.45610153182
6870806,0.141740064322,0.485021009487,0.373238926191
6880221,0.0593082436688,0.374696513034,0.565995243298
6921809,0.0937286773677,0.358710503344,0.547560819288
6897069,0.017711211135,0.167654183343,0.814634605522
6897157,0.180242603012,0.470401916981,0.349355480007
6898912,0.0245077499536,0.184987419759,0.790504830287
6856271,0.13359692221,0.323831014652,0.542572063138
6888381,8.5119047619e-05,0.000385507036823,0.999529373916
7099191,0.000210683760684,0.0435999733979,0.956189342841
6917882,0.124495670079,0.423325927986,0.452178401935
6931260,0.0007500463782,0.05763739292,0.941612560702
6849996,0.0657460325247,0.428980455283,0.505273512192
6887973,0.0711047373101,0.338048097909,0.59084716478
6850205,0.207226480884,0.522293756704,0.270479762412
6845657,0.0655022621445,0.289350096476,0.645147641379
6930302,0.0078032667762,0.0650373763751,0.927159356849
6852391,0.0593690960291,0.235870628041,0.70476027593
6920411,0.280937557126,0.412962140609,0.306100302265
6907999,0.00746644480951,0.0871705265492,0.905363028641
6864094,0.0218643218917,0.348148735025,0.629986943083
6813852,0.125362561262,0.315317902697,0.559319536041
7232295,0.269681703463,0.410369419443,0.319948877093
6896558,0.0566689227197,0.220580454255,0.722750623025
6858919,0.07989752649,0.518349009049,0.401753464461
6847828,0.0393748075512,0.132153855676,0.828471336773
6925116,0.106921885064,0.355550455261,0.537527659676
6854687,0.0779710365797,0.24533375296,0.67669521046
6946415,0.13439287672,0.502930563806,0.362676559475
6827859,0.0,0.000174645000732,0.999825354999
6884313,0.348630444492,0.486090178077,0.165279377431
6848651,0.0619021717295,0.428941779769,0.509156048501
7136298,0.0177647278984,0.142890745629,0.839344526473
6874534,0.0144924540454,0.140624066419,0.844883479535
6908942,0.297016558758,0.459296239518,0.243687201724
6894718,5e-05,0.0215749655,0.9783750345
6876449,0.0975893242261,0.283994276026,0.618416399748
6825630,0.133186509546,0.319397474928,0.547416015526
7155655,0.0154188842289,0.138137934873,0.846443180898
7201310,0.0112933959369,0.0788490278223,0.909857576241
6864334,0.0129468779677,0.0935475575795,0.893505564453
6876658,0.0156773372198,0.10674730198,0.8775753608
6842370,0.0606337716158,0.164740773616,0.774625454768
6835467,0.369234868603,0.308275819711,0.322489311686
7227368,0.0272647248836,0.113103487896,0.859631787221
6859482,0.0476885449011,0.199603978367,0.752707476732
6878641,0.0323286977256,0.118754715236,0.848916587038
6869916,0.0,0.00056334075132,0.999436659249
6841060,0.0112678637167,0.210832608481,0.777899527803
6887832,0.0155153385934,0.205313406676,0.779171254731
6905898,0.0178660664878,0.0503153558759,0.931818577636
7104742,0.153264518904,0.540436064144,0.306299416952
6948090,0.0276484761677,0.278833609616,0.693517914216
6839851,0.106704477672,0.361734412179,0.531561110149
6934051,0.00107544652258,0.0314676440598,0.967456909418
6888727,0.247632223528,0.420729447192,0.331638329279
7167478,0.0120175748023,0.0312811000867,0.956701325111
6892109,0.188480750859,0.488069754263,0.323449494878
6908544,0.372830832279,0.274613129225,0.352556038495
6921725,0.0333652855558,0.312898407962,0.653736306483
6932343,0.0977534899508,0.422013397948,0.480233112101
6914309,0.010164268377,0.212240236344,0.777595495279
6919805,0.0867390225265,0.202017632918,0.711243344555
6947828,0.0203478881793,0.147851802964,0.831800308857
6920362,0.0904012318284,0.259121574039,0.650477194133
7110179,0.574776891231,0.272609561447,0.152613547323
6877834,0.234848597003,0.514761141253,0.250390261744
6876966,0.121344959085,0.380923087061,0.497731953855
6823918,0.0191831008492,0.108636681574,0.872180217577
6871243,0.0029926914323,0.0457675863561,0.951239722212
6928189,0.256558709613,0.320285216925,0.423156073462
6852455,0.161355402908,0.32176970974,0.516874887352
7208631,0.041371420834,0.27689622846,0.681732350706
6831811,0.171896989214,0.615102853833,0.213000156953
6904276,0.0124265663191,0.0897585253991,0.897814908282
6831589,0.0910244212629,0.247891625416,0.661083953321
6901814,0.0186735370586,0.168537325564,0.812789137378
6854667,0.840888391562,0.110954246213,0.0481573622251
7192650,0.00513163091778,0.0579461717654,0.936922197317
6836299,0.00842404549737,0.0891121640942,0.902463790408
6887919,0.00592670487624,0.210200127342,0.783873167782
6927679,0.0845516925446,0.467939666875,0.447508640581
6855908,0.0682878418408,0.300501889673,0.631210268486
6854766,0.00828283115951,0.0716319890884,0.920085179752
6847472,0.0340532386621,0.200205916873,0.765740844465
6862519,0.0299687104681,0.141238305333,0.828792984199
6938819,0.303665114853,0.280002223216,0.416332661932
6945434,0.0862003823567,0.327910970709,0.585888646934
6832722,0.644477957907,0.123422203871,0.232099838222
6852707,0.00884698124298,0.0807727630225,0.910380255734
7177680,0.0108790365407,0.28601019246,0.703110771
6834945,0.00415857401505,0.0172825022098,0.978558923775
6890316,0.0406398592097,0.305875924019,0.653484216772
6816620,0.00171080624742,0.0718617850332,0.926427408719
6945175,0.0102639683171,0.135470872578,0.854265159105
6914016,0.0252608687785,0.179275653402,0.795463477819
6852619,0.10689991545,0.20673217308,0.68636791147
6813211,0.140588693886,0.498447358307,0.360963947807
6820546,0.0267233795249,0.14640614571,0.826870474765
6836128,0.00177048756172,0.0487266549563,0.949502857482
6850557,0.126852096031,0.624111445721,0.249036458248
6864997,0.0355050357876,0.0916640641937,0.872830900019
6883705,0.0267953229014,0.110594256148,0.862610420951
6898767,0.000961229946524,0.0413444100616,0.957694359992
6866020,0.0103422418046,0.0893184831907,0.900339275005
7126382,0.402485793332,0.417972329228,0.17954187744
6847427,0.21980176492,0.430197361488,0.350000873592
6841013,0.0380515978355,0.169115853041,0.792832549123
6909469,8.5119047619e-05,0.000799792751109,0.999115088201
6922473,0.00121468572277,0.0204826961737,0.978302618104
6925906,0.0548038952615,0.289266059845,0.655930044894
6946014,0.090539459016,0.391723895861,0.517736645123
6820739,0.0445053580034,0.305462449839,0.650032192157
6927559,0.357333442931,0.350997877588,0.291668679481
7174772,0.00559105855036,0.0762253185236,0.918183622926
6931036,0.0233315402484,0.308552331517,0.668116128234
6918163,0.01350559046,0.160283401478,0.826211008062
6893604,0.109518852711,0.392942134984,0.497539012304
6868844,0.0542035572873,0.220361198166,0.725435244547
6814537,0.551089083959,0.239899627161,0.20901128888
6916118,0.0184532984717,0.0653937857508,0.916152915777
6838509,0.0480273256208,0.285282723425,0.666689950954
6919725,0.227684929337,0.429866009149,0.342449061514
6932476,0.0,0.00425043406599,0.995749565934
6860496,0.0475968703588,0.462306631848,0.490096497793
7156799,0.0755870138243,0.606074473926,0.31833851225
6837521,0.0171675301567,0.225106433441,0.757726036402
6913204,0.0485671084407,0.392297386206,0.559135505353
6947516,0.0691818322106,0.40724768251,0.523570485279
6838117,0.0290390742184,0.121177845335,0.849783080447
6933366,0.0172996074305,0.123660080828,0.859040311741
7134198,0.0353433907071,0.233777081757,0.730879527536
6898450,0.0721973339077,0.243096173458,0.684706492634
6819926,0.057237907277,0.187458186019,0.755303906704
6947698,0.0479743500102,0.206919540281,0.745106109709
6838721,0.0042376348761,0.0155251958384,0.980237169285
6936661,0.0892875230453,0.526906728297,0.383805748658
6912257,0.0538415203143,0.252483370909,0.693675108776
6905569,0.000169992463042,0.0254540867315,0.974375920805
6927167,0.444825166496,0.266608669349,0.288566164155
7150689,0.00810595898823,0.037023472095,0.954870568917
6820358,0.116133310075,0.231653212699,0.652213477225
6945045,0.0889591748265,0.316632319189,0.594408505985
6866884,0.0547220318817,0.143867394091,0.801410574028
6820658,0.0982564838407,0.404382286921,0.497361229238
6826462,0.0303225189294,0.515045778039,0.454631703032
6932390,0.056170402878,0.302747634806,0.641081962316
6905031,0.277408530433,0.425133291907,0.29745817766
6923011,0.00523421060483,0.0597010778646,0.935064711531
6908504,0.221641292146,0.449549091842,0.328809616012
6881050,0.220013395406,0.290355855871,0.489630748723
6892968,0.0341592676505,0.21106986883,0.754770863519
7346996,0.153163508431,0.51651118554,0.33032530603
6876206,0.0121365588644,0.125895949325,0.86196749181
6813475,0.0959380838773,0.318949848219,0.585112067904
7190057,0.131504517771,0.194834942374,0.673660539854
6838465,0.244340417944,0.355656429748,0.400003152308
6899364,0.0469176291128,0.112731932299,0.840350438588
6891616,0.000371197089947,0.00177734176513,0.997851461145
6836715,0.0224061574753,0.0742463291488,0.903347513376
6829616,0.00769144813691,0.0854594595341,0.906849092329
6829144,0.0576519173141,0.525058533058,0.417289549628
6893064,0.0134294145799,0.161465073295,0.825105512125
6861300,0.0020847940658,0.0971841724356,0.900731033499
6926847,0.0240558441752,0.489342070434,0.486602085391
6894021,0.0194474581721,0.132051186534,0.848501355294
6897946,0.0183304392775,0.175299135286,0.806370425436
6835716,0.0685915306511,0.31261995717,0.618788512179
6832160,0.371154279403,0.399820986111,0.229024734486
6835291,0.0248657388678,0.125840441453,0.849293819679
6945184,0.0178999530238,0.143845231864,0.838254815112
7140488,0.0336293223335,0.287037359245,0.679333318422
6937850,0.101068923877,0.310636533311,0.588294542812
6899603,0.0250261485573,0.0896391102316,0.885334741211
6903105,0.156861363752,0.360597373037,0.482541263211
6828476,0.00724197449622,0.133460185563,0.859297839941
6835098,0.00466558843204,0.0214417651537,0.973892646414
6830512,0.0443571052326,0.188131510107,0.76751138466
6879997,0.0186080005867,0.112756184858,0.868635814556
7131517,0.0483485321534,0.292153353791,0.659498114056
6835955,0.229531930132,0.415299871088,0.355168198779
6875250,0.0187920509116,0.177393492919,0.803814456169
6932794,0.0935635576219,0.355580097743,0.550856344635
6948263,0.0444070548068,0.444240847056,0.511352098137
6867201,0.263152946065,0.525584221324,0.211262832611
6882748,0.163257896464,0.186102966717,0.650639136819
6902842,0.115544528221,0.330554779012,0.553900692767
6847535,0.0811735576408,0.403639371368,0.515187070991
6825267,0.0240446038771,0.127560410897,0.848394985226
6909277,0.0425368137547,0.0938637832292,0.863599403016
7152429,0.478388975415,0.353370426984,0.168240597601
6931179,0.0,0.0428350047483,0.957164995252
6896746,0.245939711338,0.41881381917,0.335246469492
6937073,0.00382829980062,0.169254143199,0.826917557001
6934627,0.000855987921831,0.0087795287556,0.990364483323
6887878,0.189560942819,0.403234733733,0.407204323448
6921531,0.0195098885057,0.140237076866,0.840253034628
6897461,0.00714337279245,0.0291162287883,0.963740398419
6862066,0.182926967414,0.370280853187,0.446792179399
6851531,0.137463287003,0.374134376099,0.488402336898
6928550,0.0331655150679,0.135012968932,0.831821516
6945851,0.0265472344086,0.212441254225,0.761011511366
6946955,0.00447182404983,0.0630977963601,0.93243037959
6869136,0.139817398158,0.624909137693,0.235273464149
6908667,0.0409977205674,0.245181950235,0.713820329197
6820525,0.129054494518,0.316716595672,0.55422890981
6887970,0.13237307069,0.43899145975,0.42863546956
6848365,0.0802273750263,0.490796808238,0.428975816735
6816173,0.026522111324,0.108669542128,0.864808346548
6900732,3.57142857143e-05,0.0132856394934,0.986678646221
6815786,0.0998274361422,0.397308143908,0.50286441995
6945972,0.160841049079,0.458348436587,0.380810514334
6848445,0.0389874195175,0.181881901714,0.779130678768
6856486,0.172230979871,0.411848697468,0.415920322661
6867010,0.0427768207747,0.29164810412,0.665575075105
6828257,0.266713721023,0.225666008288,0.507620270689
6871807,0.0409764248933,0.222685365525,0.736338209581
7212966,9.28733031674e-05,0.0073785328161,0.992528593881
6889959,0.127017710768,0.294902092355,0.578080196878
6915510,0.00316486859455,0.0717199270529,0.925115204353
6905402,0.00853657898132,0.0894722966469,0.901991124372
6826100,0.0925395312346,0.481185923727,0.426274545039
6848893,0.0221308395816,0.256804602474,0.721064557945
7155647,0.222706175893,0.242033629106,0.535260195001
6812883,0.249724296589,0.556974448681,0.19330125473
6866095,0.00621214646587,0.0647476396369,0.929040213897
6931127,0.0179433411302,0.118231533161,0.863825125708
6829407,0.0159102130494,0.139048265366,0.845041521584
6867548,0.332157447519,0.45053904387,0.217303508611
7132575,0.0199473985475,0.290813978049,0.689238623404
6890847,0.0372382523321,0.15200133271,0.810760414958
6916429,0.00226844343673,0.020098078529,0.977633478034
6884716,0.54023868033,0.33911499232,0.12064632735
6896897,0.341302905528,0.374866616438,0.283830478034
6941572,0.07539096732,0.186500928408,0.738108104272
6945277,0.0852930199791,0.417690231025,0.497016748996
7133293,0.0102326188694,0.102024802493,0.887742578638
7213385,0.0042807853696,0.0668262352744,0.928892979356
6831928,0.0732248942506,0.395220187998,0.531554917752
6932687,0.00934560547821,0.081206155861,0.909448238661
6873877,0.00916417904694,0.102454727807,0.888381093146
7135459,0.19444036411,0.32574007593,0.479819559961
6876620,0.000279411764706,0.0246619783174,0.975058609918
6936163,0.00488343333214,0.120741221466,0.874375345202
6912398,0.247941911154,0.285054362192,0.467003726653
6917655,0.015300971257,0.116096940989,0.868602087754
6941149,0.0316399488677,0.139813485104,0.828546566028
6941378,0.021662792787,0.0705048551346,0.907832352078
6882453,0.0150272785631,0.17655563826,0.808417083177
7119160,0.0387973357957,0.171142426054,0.79006023815
6868451,0.0488510464195,0.345462167929,0.605686785651
6945881,0.0740753212174,0.308756193861,0.617168484922
6822541,0.0576413038815,0.308779415247,0.633579280871
6884355,0.102287471236,0.377386979632,0.520325549132
7132247,0.0277277005015,0.257982729562,0.714289569936
6872049,0.0988923445555,0.321578359358,0.579529296087
6890740,0.00343839689716,0.0653749708175,0.931186632285
6840897,0.0716285692776,0.249961246131,0.678410184592
6847694,0.0216511260749,0.153675888944,0.824672984981
6938196,0.00921449855557,0.303666547882,0.687118953562
6939526,0.0347444374398,0.323728599492,0.641526963068
6917529,0.00127463520947,0.00777563903522,0.990949725755
6885636,0.000750589854874,0.100574347302,0.898675062843
7202614,0.00139695184202,0.00926178623442,0.989341261924
6926453,0.115559429843,0.528942610008,0.355497960149
6844636,0.209287463272,0.269998229827,0.5207143069
6879293,0.618764869724,0.261777346834,0.119457783442
6924780,0.111499590697,0.310088498474,0.578411910829
6881024,0.0129692076222,0.0574997568277,0.92953103555
6851374,0.119687399472,0.438270749527,0.442041851001
6850953,0.0157507823653,0.125388017425,0.858861200209
6892292,0.00244426772127,0.0919575016988,0.90559823058
6886159,0.00708655332816,0.0587859569637,0.934127489708
6849877,0.143812766971,0.352364090448,0.503823142581
6940840,0.0116804954193,0.155677283269,0.832642221312
6926838,0.0179903502143,0.289921952034,0.692087697752
6879243,0.236743112327,0.441693197518,0.321563690155
6944286,0.0868121275371,0.338333068305,0.574854804157
6915587,0.259759152171,0.557755987388,0.182484860441
6881904,0.119057235633,0.277211420808,0.603731343558
7154358,0.119388133407,0.267996535068,0.612615331525
6899258,0.00348564391364,0.095719511969,0.900794844117
6855460,0.256422530039,0.564151951134,0.179425518827
6864884,0.0163411492298,0.102805356785,0.880853493985
6868209,0.124517536974,0.39254395137,0.482938511656
6853834,0.0660038991855,0.315938787033,0.618057313782
7210020,0.0812004479408,0.327612345726,0.591187206334
6933228,0.0309300052083,0.240781897802,0.728288096989
6929227,0.0878061422579,0.28987662789,0.622317229852
7192346,0.122244581859,0.275894774779,0.601860643362
6928834,0.00634397244661,0.0932562647103,0.900399762843
6812269,0.0166662494113,0.108906332514,0.874427418075
6851446,0.0519812610215,0.249028230099,0.69899050888
6930820,0.00139753061117,0.0239020080043,0.974700461385
6875310,0.144198056873,0.227425984683,0.628375958443
6932397,0.0821085515242,0.44199910746,0.475892341016
6904291,0.000289186507937,0.00693627148106,0.992774542011
6921642,0.0663049334878,0.482485903574,0.451209162938
7136057,0.223799660572,0.210040317875,0.566160021553
6920815,0.0132215807484,0.0957101427509,0.891068276501
6861757,0.233405469002,0.572493049011,0.194101481987
6934222,0.426133208932,0.301264042716,0.272602748353
6946448,0.0666314081342,0.312205309193,0.621163282673
6890569,0.28097531503,0.307392560521,0.411632124449
6884477,0.0807544420559,0.382551669607,0.536693888337
7145006,0.00163444813958,0.056172104143,0.942193447717
6893718,0.000154166666667,0.0248149830341,0.975030850299
6893330,0.0154853656398,0.177792983202,0.806721651158
6901780,0.000869703387334,0.040620537191,0.958509759422
6815738,0.144024843172,0.470152051268,0.38582310556
6917209,0.0478898418334,0.216110802083,0.735999356084
6904227,0.00392595012883,0.024847837595,0.971226212276
6894402,0.000755636947762,0.0497588221241,0.949485540928
7146083,0.0486294079063,0.285656194813,0.665714397281
6902153,0.00792689306341,0.0701443485217,0.921928758415
6925988,0.0933400014711,0.367518860028,0.539141138501
6881323,5.55555555556e-05,0.00018253968254,0.999761904762
6937405,0.331531750828,0.338863762209,0.329604486962
7098390,0.153288348586,0.530466180003,0.31624547141
6935942,0.196166339513,0.568687535507,0.235146124981
6833510,0.0791139589778,0.320776567208,0.600109473814
6812857,0.0850606570549,0.488229076119,0.426710266826
6828441,0.139770491103,0.312204711161,0.548024797735
6915711,0.282971363008,0.505333777368,0.211694859623
6880643,0.267831590722,0.438332504991,0.293835904287
7224930,0.0473338387375,0.462764680716,0.489901480547
6852614,0.00303369116687,0.102636738872,0.894329569961
6853816,0.058758410558,0.166169470294,0.775072119148
6811964,0.121183652322,0.371808154832,0.507008192846
6847800,0.00699229980647,0.0465863347524,0.946421365441
6859897,0.142743483551,0.357403202165,0.499853314284
6882929,0.000545721279289,0.0192914510248,0.980162827696
7157584,0.00137812040204,0.0570792484945,0.941542631104
6863444,0.00984137198353,0.0318331334273,0.958325494589
6836902,2e-05,0.0200457745274,0.979934225473
6918960,0.075467896574,0.411754690305,0.512777413121
6882854,0.0674188499686,0.303906196468,0.628674953563
6822755,0.0100476166843,0.0759631872761,0.91398919604
6815184,0.136523679619,0.348996137326,0.514480183054
6846582,0.0519985644146,0.112905617466,0.83509581812
6940309,0.00770120326972,0.158555862886,0.833742933844
6924056,0.00425607216413,0.0949336013857,0.90081032645
6824481,0.00770620281999,0.134474090821,0.857819706359
6839735,0.00127161415931,0.0234893370686,0.975239048772
6900130,0.0431754179506,0.265175378224,0.691649203826
6946739,0.00859778558215,0.0610146353754,0.930387579042
7144008,0.0069479670719,0.275202233745,0.717849799183
6863751,0.000209197235513,0.0109357489652,0.988855053799
6820293,0.0460728419321,0.406332315802,0.547594842266
6818472,0.0141477390127,0.161405152915,0.824447108073
6832420,0.00670993435185,0.115268792994,0.878021272654
6879450,6.62878787879e-05,0.0251063686466,0.974827343475
6943618,0.028493594379,0.286669499551,0.68483690607
6883463,0.0316222282296,0.19316553045,0.77521224132
6834919,0.154199768649,0.340527255168,0.505272976182
7505696,0.0173214868468,0.0819604033234,0.90071810983
6903645,0.035196966874,0.182927793271,0.781875239855
6831148,0.435131696205,0.240789643759,0.324078660036
6828948,0.0433169875008,0.139749268224,0.816933744275
6878495,0.00515579416682,0.0923874896543,0.902456716179
6924862,0.00193120568759,0.0288396338588,0.969229160454
6887802,0.0395181939225,0.340748856714,0.619732949364
6903228,0.784267961513,0.159695034179,0.0560370043077
6947415,2.63157894737e-05,0.0144187297972,0.985554954413
6941508,0.355156066081,0.367465517421,0.277378416498
6856111,0.0234584942681,0.311318769433,0.665222736299
7126808,0.012762437659,0.102844561897,0.884393000444
6939857,0.0335227138584,0.285970795843,0.680506490298
6822528,0.260148394741,0.403397503551,0.336454101708
6947631,0.138426142339,0.431216983904,0.430356873757
6887810,0.00403972866414,0.130760137339,0.865200133997
6849210,0.0330518392777,0.253532804991,0.713415355732
6901742,0.0,0.0329846860711,0.967015313929
6850925,0.370606810717,0.392680793321,0.236712395962
7181995,0.157749851417,0.331861351248,0.510388797334
6841559,0.000751502086161,0.0173658308296,0.981882667084
6822957,0.0602645725092,0.105085358795,0.834650068696
6943349,0.0325572134161,0.205340890717,0.762101895867
